Ca(GaS2)2
1.0
14.377005 0.0 0.0
7.227369872244478 9.437225972932344 0.0
7.149635185861574 -2.3393685973634972 7.395441747948699
Ca Ga S
8 16 32
Direct
0.5 0.5 0.5
0.75 0.75 0.75
0 0 0
0.25 0.25 0.25
0.247812 0.247812 0.752188
0.752188 0.752188 0.247812
0.002188 0.002188 0.497812
0.497812 0.497812 0.002188
0.592552 0.156949 0.26589
0.984609 0.26589 0.156949
0.26589 0.984609 0.592552
0.156949 0.592552 0.984609
0.657448 0.093051 0.98411
0.265391 0.98411 0.093051
0.98411 0.265391 0.657448
0.093051 0.657448 0.265391
0.737835 0.013461 0.487998
0.760706 0.487998 0.013461
0.487998 0.760706 0.737835
0.013461 0.737835 0.760706
0.512165 0.236539 0.762002
0.489294 0.762002 0.236539
0.762002 0.489294 0.512165
0.236539 0.512165 0.489294
0.308561 0.438765 0.778076
0.474598 0.778076 0.438765
0.778076 0.474598 0.308561
0.438765 0.308561 0.474598
0.941439 0.811235 0.471924
0.775402 0.471924 0.811235
0.471924 0.775402 0.941439
0.811235 0.941439 0.775402
0.970193 0.782307 0.968179
0.279322 0.968179 0.782307
0.968179 0.279322 0.970193
0.782307 0.970193 0.279322
0.279807 0.467693 0.281821
0.970678 0.281821 0.467693
0.281821 0.970678 0.279807
0.467693 0.279807 0.970678
0.211868 0.209136 0.037792
0.541205 0.037792 0.209136
0.037792 0.541205 0.211868
0.209136 0.211868 0.541205
0.038132 0.040864 0.212208
0.708795 0.212208 0.040864
0.212208 0.708795 0.038132
0.040864 0.038132 0.708795
0.541555 0.53844 0.708568
0.211437 0.708568 0.53844
0.708568 0.211437 0.541555
0.53844 0.541555 0.211437
0.708445 0.71156 0.541432
0.038563 0.541432 0.71156
0.541432 0.038563 0.708445
0.71156 0.708445 0.038563
