Sr(GaS2)2
1.0
14.847545 0.0 0.0
7.593993324659038 9.65280541213812 0.0
7.253550802279469 -2.6496678029977168 7.459304717988538
Sr Ga S
8 16 32
Direct
0.498337 0.498337 0.001663
0.001663 0.001663 0.498337
0.751663 0.751663 0.248337
0.248337 0.248337 0.751663
0.25 0.25 0.25
0 0 0
0.75 0.75 0.75
0.5 0.5 0.5
0.234732 0.514343 0.488951
0.761974 0.488951 0.514343
0.488951 0.761974 0.234732
0.514343 0.234732 0.761974
0.015268 0.735657 0.761049
0.488026 0.761049 0.735657
0.761049 0.488026 0.015268
0.735657 0.015268 0.488026
0.592089 0.157441 0.264927
0.985543 0.264927 0.157441
0.264927 0.985543 0.592089
0.157441 0.592089 0.985543
0.657911 0.092559 0.985073
0.264457 0.985073 0.092559
0.985073 0.264457 0.657911
0.092559 0.657911 0.264457
0.312381 0.435567 0.782876
0.469175 0.782876 0.435567
0.782876 0.469175 0.312381
0.435567 0.312381 0.469175
0.937619 0.814433 0.467124
0.780825 0.467124 0.814433
0.467124 0.780825 0.937619
0.814433 0.937619 0.780825
0.976845 0.774917 0.964056
0.284182 0.964056 0.774917
0.964056 0.284182 0.976845
0.774917 0.976845 0.284182
0.273155 0.475083 0.285944
0.965818 0.285944 0.475083
0.285944 0.965818 0.273155
0.475083 0.273155 0.965818
0.207972 0.205705 0.042117
0.544206 0.042117 0.205705
0.042117 0.544206 0.207972
0.205705 0.207972 0.544206
0.042028 0.044295 0.207883
0.705794 0.207883 0.044295
0.207883 0.705794 0.042028
0.044295 0.042028 0.705794
0.544813 0.542094 0.705693
0.2074 0.705693 0.542094
0.705693 0.2074 0.544813
0.542094 0.544813 0.2074
0.705187 0.707906 0.544307
0.0426 0.544307 0.707906
0.544307 0.0426 0.705187
0.707906 0.705187 0.0426
